Mean accuracy: 0.4166666716337204
Precision: 0.6666667
Recall: 0.44444445
F1Score: 0.5333333015441895
[10.408600807189941, 6.363027095794678, 7.428858280181885, 25.480594635009766]
